U2UT Model Training 

Baseline parameters

d_model = 512, num_layers (encoder) = 6,  num_layers (decoder) = 2, d_ff = 1024
n_heads = 4, kernel_size = 31, dropout = 0.1, input_dim = 512, vocab_size = 500,
hidden_size = 512, pos_encoding = True (Self Attention), False (Cross Attention), 
rnn_dim = 512 (LSTM based), Adam optimizer, lr = 1e-4, cross enthropy loss function,
batch_size = 16, shuffle = True, Total epochs = 26; synthesizer = LSTM based

seed = 42; sequence_len = 600; 

Note all others have head set to 4 except otherwise

a - f ---> Ablation studies Part A                                                                                                 g - h ---> Ablation studies Part B
                     a                b                 c                  d                    e                   f                         g                       h
                  joint full                         joint full        joint full           joint full           PE = False     |       with GRU Based           with GRU Based
epochs        MHSA with h = 4    Without FF        MHSA with h = 8     MHSA with h = 2      MHSA with h = 1      without PE             Phoneme Decoder          Phoneme Decoder
                                    h = 4                                                                                                h = 4 (joint)            h = 2 (joint)                                                       
                                                   
TL epoch 1       5.8046             5.7820           5.7968              5.8013                5.8015              5.7873                  5.7938                    5.7888
TA epoch 1       0.0323             0.0326           0.0341              0.0314                0.0327              0.0329                  0.0342                    0.0352
VL epoch 1       5.6731             5.6602           5.6679              5.6717                5.6680              5.6680                  5.6703                    5.6725
VA epoch 1       0.0111             0.0111           0.0111              0.0111                0.0111              0.0111                  0.0111                    0.0111

TL epoch 2       5.4051             5.4037           5.4047              5.4031                5.4039              5.4026                  5.3526                    5.3580
TA epoch 2       0.0349             0.0350           0.0349              0.0349                0.0350              0.0349                  0.0392                    0.0382
VL epoch 2       5.6249             5.6236           5.6243              5.6242                5.6236              5.6248                  5.5746                    5.5849
VA epoch 2       0.0118             0.0132           0.0121              0.0119                0.0126              0.0111                  0.0325                    0.0181


TL epoch 3       5.3857             5.3849           5.3851              5.3847                5.3846              5.3844                  5.1877                    5.2158
TA epoch 3       0.0380             0.0381           0.0383              0.0380                0.0382              0.0378                  0.0646                    0.0587
VL epoch 3       5.6224             5.6230           5.6254              5.6229                5.6241              5.6246                  5.4559                    5.4780
VA epoch 3       0.0151             0.0151           0.0151              0.0151                0.0151              0.0151                  0.0520                    0.0448

TL epoch 4       5.3756             5.3746           5.3770              5.3746                5.3744              5.3743                  5.0103                    5.0490
TA epoch 4       0.0390             0.0390           0.0390              0.0390                0.0390              0.0390                  0.0867                    0.0788
VL epoch 4       5.6123             5.6138           5.6144              5.6122                5.6153              5.6132                  5.2911                    5.3397
VA epoch 4       0.0151             0.0151           0.0151              0.0151                0.0151              0.0151                  0.0569                    0.0518

TL epoch 5       5.3697             5.3685           5.3715              5.3686                5.3682              5.3677                  4.8210                    4.8807
TA epoch 5       0.0391             0.0391           0.0391              0.0392                0.0390              0.0391                  0.1033                    0.0990
VL epoch 5       5.6119             5.6100           5.6100              5.6088                5.6154              5.6130                  5.1159                    5.1928
VA epoch 5       0.0150             0.0150           0.0150              0.0150                0.0150              0.0150                  0.0655                    0.0615

TL epoch 6       5.3656             5.3650           5.3669              5.3634                5.3640              5.3629                  4.6349                    4.7144
TA epoch 6       0.0391             0.0390           0.0389              0.0393                0.0390              0.0390                  0.1226                    0.1181
VL epoch 6       5.6116             5.6095           5.6102              5.6053                5.6063              5.6074                  4.9438                    5.0259
VA epoch 6       0.0147             0.0147           0.0147              0.0152                0.0153              0.0149                  0.0838                    0.0812 

TL epoch 7       5.3621             5.3612           5.3633              5.3606                5.3608              5.3596                  4.4670                    4.5414
TA epoch 7       0.0393             0.0390           0.0389              0.0392                0.0393              0.0393                  0.1458                    0.1380
VL epoch 7       5.6053             5.6037           5.6064              5.6095                5.6088              5.6060                  4.7887                    4.8559
VA epoch 7       0.0153             0.0152           0.0152              0.0151                0.0155              0.0154                  0.0998                    0.0966

TL epoch 8       5.3577             5.3570           5.3597              5.3569                5.3559              5.3561                  4.3083                    4.3696
TA epoch 8       0.0395             0.0392           0.0393              0.0398                0.0402              0.0397                  0.1669                    0.1598
VL epoch 8       5.5970             5.5989           5.6021              5.6071                5.6051              5.6012                  4.6359                    4.6894
VA epoch 8       0.0159             0.0158           0.0156              0.0156                0.0158              0.0160                  0.1177                    0.1156

TL epoch 9       5.3534             5.3517           5.3561              5.3476                5.3502              5.3511                  4.1697                    4.2103
TA epoch 9       0.0402             0.0396           0.0396              0.0409                0.0403              0.0403                  0.1835                    0.1811
VL epoch 9       5.5973             5.5993           5.6019              5.5969                5.6024              5.5968                  4.5135                    4.5494
VA epoch 9       0.0163             0.0157           0.0157              0.0157                0.0156              0.0164                  0.1319                    0.1297


TL epoch 10      5.3467             5.3446           5.3535              5.3327                5.3440              5.3426                  4.0476                    4.0646
TA epoch 10      0.0404             0.0397           0.0398              0.0409                0.0408              0.0405                  0.2044                    0.2054
VL epoch 10      5.5973             5.5960           5.6038              5.5922                5.5935              5.5949                  4.3919                    4.4018
VA epoch 10      0.0158             0.0157           0.0157              0.0156                0.0160              0.0160                  0.1472                    0.1465


TL epoch 11      5.3309             5.3297           5.3478              5.3089                5.3326              5.3243                  3.9284                    3.9226
TA epoch 11      0.0403             0.0400           0.0399              0.0406                0.0407              0.0410                  0.2206                    0.2295
VL epoch 11      5.5905             5.5904           5.5998              5.5725                5.5885              5.5874                  4.2723                    4.2659
VA epoch 11      0.0158             0.0157           0.0156              0.0158                0.0161              0.0160                  0.1588                    0.1618


TL epoch 12     5.3033              5.2984           5.3352              5.2636                5.3097              5.2935                  3.8079                    3.7860
TA epoch 12     0.0407              0.0409           0.0402              0.0470                0.0410              0.0434                  0.2403                    0.2505
VL epoch 12     5.5677              5.5658           5.5869              5.5356                5.5720              5.5627                  4.1513                    4.1232
VA epoch 12     0.0163              0.0172           0.0156              0.0353                0.0166              0.0196                  0.1744                    0.1851


TL epoch 13     5.2542              5.2462           5.3136              5.1862                5.2628              5.2359                  3.6859                    3.6461
TA epoch 13     0.0461              0.0510           0.0406              0.0561                0.0508              0.0577                  0.2598                    0.2722
VL epoch 13     5.5316              5.5329           5.5819              5.4646                5.5355              5.5234                  4.0229                    3.9785
VA epoch 13     0.0356              0.0368           0.0159              0.0369                0.0360              0.0364                  0.1961                    0.2019 


TL epoch 14     5.1811             5.1754            5.2743              5.0766                5.1884              5.1638                  3.5580                    3.4957
TA epoch 14     0.0595             0.0606            0.0444              0.0616                0.0596              0.0624                  0.2821                    0.2955
VL epoch 14     5.4716             5.4819            5.5530              5.3745                5.4807              5.4709                  3.9021                    3.8279
VA epoch 14     0.0363             0.0372            0.0351              0.0387                0.0372              0.0401                  0.2138                    0.2292


TL epoch 15     5.0833             5.0913            5.2128              4.9628                5.1000              5.0785                  3.4305                    3.3740
TA epoch 15     0.0626             0.0645            0.0590              0.0705                0.0617              0.0701                  0.3108                    0.3186
VL epoch 15     5.3855             5.4020            5.5054              5.2819                5.4028              5.3972                  3.7616                    3.6748
VA epoch 15     0.0408             0.0398            0.0386              0.0472                0.0385              0.0463                  0.2424                    0.2515


TL epoch 16     4.9776             4.9918            5.1299              4.8538                4.9931              4.9848                  3.2953                    3.5941
TA epoch 16     0.0727             0.0724            0.0630              0.0852                0.0699              0.0788                  0.3402                    0.2927
VL epoch 16     5.2961             5.3104            5.4318              5.1796                5.3070              5.3077                  3.6110                    3.6828
VA epoch 16     0.0474             0.0424            0.0389              0.0505                0.0493              0.0491                  0.2783                    0.2616


TL epoch 17     4.8835             4.8890            5.0327              4.7512                4.8876              4.8796                  3.1542                    3.7633
TA epoch 17     0.0876             0.0852            0.0682              0.0989                0.0859              0.0877                  0.3728                    0.2775
VL epoch 17     5.2133             5.2184            5.3522              5.0761                5.2147              5.2067                  3.4743                    3.6208
VA epoch 17     0.0575             0.0558            0.0431              0.0761                0.0557              0.0549                  0.3039                    0.2798 


TL epoch 18     4.7901             4.7959            4.9313              4.6459                4.7787              4.7664                  3.0217                    3.9756
TA epoch 18     0.0999             0.0949            0.0804              0.1150                0.0988              0.0996                  0.4052                    0.2694
VL epoch 18     5.1201             5.1256            5.2561              4.9748                5.1128              5.0936                  3.3318                    3.4956
VA epoch 18     0.0674             0.0614            0.0555              0.0729                0.0616              0.0663                  0.3382                    0.3023
  

TL epoch 19     4.6919             4.6953            4.8247              4.5323                4.6658              4.6434                  2.8851                    4.1587
TA epoch 19     0.1137             0.1057            0.0922              0.1289                0.1102              0.1156                  0.4343                    0.2655
VL epoch 19     5.0237             5.0298            5.1513              4.8662                4.9991              4.9682                  3.1833                    3.6613
VA epoch 19     0.0731             0.0757            0.0578              0.0880                0.0742              0.0821                  0.3722                    0.2934


TL epoch 20     4.5886             4.5860            4.7180              4.4168                4.5522              4.5210                  2.7503                    4.2609
TA epoch 20     0.1288             0.1175            0.1036              0.1393                0.1261              0.1293                  0.4630                    0.2538
VL epoch 20     4.9240             4.9159            5.0451              4.7539                4.8889              4.8512                  3.0453                    3.8684
VA epoch 20     0.0801             0.0816            0.0709              0.0956                0.0835              0.0931                  0.3972                    0.2806


TL epoch 21     4.4805             4.4695            4.6086              4.3073                4.4450              4.3991                  2.6181                    5.4053
TA epoch 21     0.1391             0.1309            0.1206              0.1477                0.1367              0.1469                  0.4919                    0.0684
VL epoch 21     4.8268             4.8025            4.9394              4.6494                4.7943              4.7472                  2.9108                    5.6414
VA epoch 21     0.0855             0.0840            0.0854              0.1039                0.0930              0.1007                  0.4273                    0.0159 


TL epoch 22     4.3817             4.3561            4.4971              4.2032                4.3499              4.2870                  2.4915                    5.3693
TA epoch 22     0.1478             0.1407            0.1342              0.1596                0.1506              0.1603                  0.5191                    0.0393
VL epoch 22     4.7224             4.7030            4.8271              4.5554                4.7040              4.6321                  2.7670                    5.6109
VA epoch 22     0.0947             0.0893            0.0973              0.1101                0.0968              0.1081                  0.4562                    0.0156


TL epoch 23     4.2745             4.2530            4.3843              4.1102                4.2583              4.1780                  2.3567                    5.3572
TA epoch 23     0.1615             0.1525            0.1494              0.1734                0.1605              0.1733                  0.5486                    0.0401
VL epoch 23     4.6239             4.6036            4.7258              4.4668                4.6133              4.5358                  2.6307                    5.6109
VA epoch 23     0.1086             0.0951            0.1064              0.1225                0.1102              0.1180                  0.4948                    0.0157 


TL epoch 24     4.1814             4.1527            4.2908              4.0217                4.1736              4.0816                  2.2391                    5.3527
TA epoch 24     0.1733             0.1623            0.1596              0.1853                0.1729              0.1858                  0.5782                    0.0405
VL epoch 24     4.5295             4.5117            4.6298              4.3748                4.5319              4.4372                  2.5084                    5.6001
VA epoch 24     0.1183             0.1011            0.1132              0.1329                0.1221              0.1311                  0.5301                    0.0163


TL epoch 25     4.0929             4.0657            4.2007              3.9393                4.0896              3.9901                  2.1574                    5.3493
TA epoch 25     0.1841             0.1737            0.1718              0.1955                0.1860              0.1961                  0.6030                    0.0405
VL epoch 25     4.4495             4.4256            4.5490              4.2952                4.4553              4.3480                  2.3853                    5.6030
VA epoch 25     0.1220             0.1096            0.1173              0.1439                0.1291              0.1370                  0.5663                    0.0165


TL epoch 26     4.0177             3.9802            4.1162              3.8612                4.0171              3.9025                  2.5174                    5.3469
TA epoch 26     0.1913             0.1848            0.1831              0.2068                0.1951              0.2045                  0.5484                    0.0409
VL epoch 26     4.3768             4.3415            4.4658              4.2287                4.3798              4.2672                  2.3991                    5.6063
VA epoch 26     0.1354             0.1208            0.1263              0.1503                0.1385              0.1443                  0.5704                    0.0167





===================================================================================================================================================================================
05/09/2026

PART B [Continue]



epochs             i                 j                    k                           l                               m                   n                      o
              with GRU Based     with GRU Based    with GRU Based                with GRU Based              with GRU Based          with GRU Based          with GRU Based        convmod
              Phoneme Decoder    Phoneme Decoder   Phoneme Decoder              Phoneme Decoder              Phoneme Decoder         Phoneme Decoder         Phoneme Decoder       removed
              h = 8 (joint)      h = 1 (joint)    conformer block[2]removed   conformer block[3,5]removed   confomerblok = 4       MHSA = 4; MHCA = 2     gru based syhtnesiser    same set
                                                   joint h = 4                     joint h = 4               decoderblok = 1         CE = 4; PD = 1         MHSA = 4; MHCA = 2     up as o
                                                                                                                 h = 4                                       CE = 4; PD = 1
                                                                                                                                                                                  working on                          
TL epoch 1       5.7861             5.8088           5.8048                              5.8203                5.7875                   5.7711                  5.5910             5.5829   
TA epoch 1       0.0345             0.0377           0.0379                              0.0342                0.0693                   0.0586                  0.1024             0.0841
VL epoch 1       5.6529             5.6730           5.6681                              5.6722                5.5687                   5.5801                  5.4270             5.4183
VA epoch 1       0.0111             0.0111           0.0111                              0.0111                0.0547                   0.0407                  0.0824             0.0850

TL epoch 2       5.3349             5.3512           5.3644                              5.3522                5.0798                   5.1099                  4.7065             4.6803
TA epoch 2       0.0415             0.0409           0.0373                              0.0402                0.1198                   0.1207                  0.2041             0.2079
VL epoch 2       5.5540             5.5794           5.5817                              5.5706                5.3031                   5.3487                  4.6733             4.6713
VA epoch 2       0.0326             0.0331           0.0321                              0.0328                0.0870                   0.0942                  0.2167             0.2159


TL epoch 3       5.1517             5.2012           5.2086                              5.1884                4.8006                   4.8541                  3.7610             3.7867
TA epoch 3       0.0634             0.0629           0.0591                              0.0628                0.1745                   0.1591                  0.3757             0.3671
VL epoch 3       5.4058             5.4584           5.4591                              5.4484                5.0758                   5.1338                  3.7322             3.7929
VA epoch 3       0.0457             0.0452           0.0411                              0.0453                0.1509                   0.1427                  0.3661             0.3572

TL epoch 4       4.9532             5.0019           5.0080                              4.9937                4.5585                   4.6224                  2.8759             2.9434
TA epoch 4       0.0825             0.0821           0.0791                              0.0848                0.2332                   0.2056                  0.5499             0.5207
VL epoch 4       5.2400             5.2625           5.2772                              5.2672                4.8672                   4.9400                  2.9041             2.9797
VA epoch 4       0.0548             0.0563           0.0542                              0.0529                0.1953                   0.1693                  0.5562             0.5394

TL epoch 5       4.7723             4.7777           4.8134                              4.7810                4.3277                   4.3997                  2.1113             2.1938
TA epoch 5       0.1029             0.1045           0.0964                              0.1032                0.2769                   0.2412                  0.6951             0.6745
VL epoch 5       5.0742             5.0492           5.1020                              5.0672                4.6409                   4.7263                  2.1251             2.2143
VA epoch 5       0.0728             0.0727           0.0655                              0.0702                0.2378                   0.1953                  0.6980             0.6780

TL epoch 6       4.5917             4.5647           4.6268                              4.5706                4.0860                   4.1728                  1.4600             1.5474
TA epoch 6       0.1269             0.1281           0.1159                              0.1307                0.3129                   0.2770                  0.7993             0.7881
VL epoch 6       4.9066             4.8610           4.9302                              4.8638                4.4047                   4.5070                  1.4701             1.5613
VA epoch 6       0.0963             0.0932           0.0833                              0.1026                0.2665                   0.2370                  0.7968             0.7885

TL epoch 7       4.4201             4.3754           4.4499                              4.3792                3.8346                   3.9399                  0.9480             1.0260
TA epoch 7       0.1528             0.1502           0.1355                              0.1572                0.3461                   0.3170                  0.8790             0.8713
VL epoch 7       4.7410             4.6947           4.7654                              4.6912                4.1480                   4.2740                  0.9629             1.0440
VA epoch 7       0.1077             0.1121           0.0933                              0.1175                0.3024                   0.2702                  0.8821             0.8696

TL epoch 8       4.2561             4.2114           4.2874                              4.2143                3.5570                   3.6895                  0.5822             0.6435
TA epoch 8       0.1775             0.1729           0.1547                              0.1778                0.3930                   0.3621                  0.9370             0.9280
VL epoch 8       4.5797             4.5410           4.6134                              4.5361                3.8630                   4.0142                  0.6030             0.6701
VA epoch 8       0.1284             0.1274           0.1100                              0.1338                0.3449                   0.3153                  0.9317             0.9216

TL epoch 9       4.1039             4.0683           4.1428                              4.0731                3.2660                   3.4223                  0.3375             0.3813 
TA epoch 9       0.1974             0.1902           0.1744                              0.1972                0.4450                   0.4113                  0.9667             0.9614 
VL epoch 9       4.4419             4.4051           4.4875                              4.4076                3.5544                   3.7282                  0.3637             0.4125
VA epoch 9       0.1445             0.1411           0.1222                              0.1441                0.4057                   0.3686                  0.9602             0.9543


TL epoch 10      3.9683             3.9366           4.0181                              3.9513                2.9517                   3.1265                  0.1891             0.2182 
TA epoch 10      0.2197             0.2090           0.1924                              0.2178                0.5085                   0.4663                  0.9825             0.9809
VL epoch 10      4.3066             4.2751           4.3636                              4.2855                3.2156                   3.4076                  0.2121             0.2448
VA epoch 10      0.1590             0.1541           0.1378                              0.1581                0.4698                   0.4240                  0.9752             0.9737


TL epoch 11      3.8406             3.8040           3.8979                              3.8349                2.6195                   2.8003                  0.1023             0.1192
TA epoch 11      0.2386             0.2293           0.2103                              0.2353                0.5668                   0.5310                  0.9917             0.9909
VL epoch 11      4.1802             4.1395           4.2493                              4.1703                2.8594                   3.0520                  0.1192             0.1395
VA epoch 11      0.1742             0.1731           0.1495                              0.1690                0.5318                   0.4986                  0.9874             0.9894


TL epoch 12     3.7221              3.6711           3.7902                              3.7221                2.2754                   2.4502                  0.0548             0.0643
TA epoch 12     0.2605              0.2526           0.2274                              0.2541                0.6299                   0.6026                  0.9959             0.9956
VL epoch 12     4.0567              4.0049           4.1417                              4.0578                2.4891                   2.6672                  0.0644             0.0761
VA epoch 12     0.1998              0.1909           0.1671                              0.1905                0.6026                   0.5753                  0.9953             0.9944


TL epoch 13     3.6052              3.5445           3.6838                              3.6226                1.9118                   2.0826                  0.0296             0.0350
TA epoch 13     0.2802              0.2720           0.2439                              0.2704                0.7042                   0.6711                  0.9984             0.9979
VL epoch 13     3.9382              3.8807           4.0280                              3.9565                2.0818                   2.2715                  0.0385             0.0466
VA epoch 13     0.2156              0.2071           0.1828                              0.2044                0.6809                   0.6438                  0.9972             0.9966


TL epoch 14     3.4913             3.4224            3.5731                              3.5312                1.5417                   1.7218                  0.0163             0.0194
TA epoch 14     0.2995             0.2918            0.2627                              0.2848                0.7732                   0.7352                  0.9990             0.9989
VL epoch 14     3.8325             3.7595            3.9190                              3.8791                1.6887                   1.8906                  0.0261             0.0299
VA epoch 14     0.2296             0.2296            0.2031                              0.2133                0.7527                   0.7128                  0.9975             0.9975


TL epoch 15     3.3884             3.3031            3.4649                              3.4518                1.2032                   1.3806                  0.0097             0.0114
TA epoch 15     0.3150             0.3119            0.2863                              0.2980                0.8312                   0.7985                  0.9993             0.9992
VL epoch 15     3.7297             3.6436            3.8084                              3.7960                1.3318                   1.5181                  0.0188             0.0219
VA epoch 15     0.2482             0.2528            0.2208                              0.2319                0.8194                   0.7852                  0.9978             0.9977


TL epoch 16     3.2908             3.1930            3.3608                              3.3771                0.9108                   1.0657                  0.0061             0.0070
TA epoch 16     0.3328             0.3362            0.3080                              0.3118                0.8836                   0.8589                  0.9996             0.9995
VL epoch 16     3.6272             3.5213            3.6981                              3.7177                1.0078                   1.1746                  0.0143             0.0161
VA epoch 16     0.2635             0.2723            0.2483                              0.2350                0.8750                   0.8479                  0.9981             0.9981
 

TL epoch 17     3.1946             3.0804            3.2605                              3.3042                0.6571                   0.7893                  0.0039             0.0045
TA epoch 17     0.3489             0.3589            0.3291                              0.3223                0.9243                   0.9053                  0.9997             0.9997
VL epoch 17     3.5331             3.4074            3.5972                              3.6486                0.7400                   0.8841                  0.0110             0.0124
VA epoch 17     0.2758             0.3055            0.2698                              0.2460                0.9142                   0.8932                  0.9989             0.9989


TL epoch 18     3.1009             2.9736            3.1639                              3.2379                0.4552                   0.5638                  0.0025             0.0030
TA epoch 18     0.3662             0.3870            0.3478                              0.3347                0.9555                   0.9396                  0.9999             0.9998
VL epoch 18     3.4362             3.2994            3.4978                              3.5777                0.5236                   0.6451                  0.0088             0.0099
VA epoch 18     0.2928             0.3312            0.2829                              0.2621                0.9430                   0.9272                  0.9991             0.9991
 

TL epoch 19     3.0030             2.8711            3.0659                              3.1702                0.3053                   0.3919                  0.0017             0.0020
TA epoch 19     0.3846             0.4137            0.3658                              0.3458                0.9730                   0.9621                  0.9999             0.9999
VL epoch 19     3.3298             3.1920            3.3846                              3.5016                0.3617                   0.4591                  0.0075             0.0083
VA epoch 19     0.3178             0.3596            0.3020                              0.2773                0.9620                   0.9501                  0.9994             0.9994


TL epoch 20     2.9071             2.7683            2.9635                              3.1036                0.1994                   0.2632                  0.0012             0.0014
TA epoch 20     0.4041             0.4385            0.3864                              0.3587                0.9837                   0.9770                  0.9999             0.9999
VL epoch 20     3.2321             3.0808            3.2779                              3.4382                0.2433                   0.3143                  0.0065             0.0075
VA epoch 20     0.3368             0.3862            0.3296                              0.2850                0.9744                   0.9679                  0.9994             0.9994


TL epoch 21     2.8118             2.6609            2.8572                              3.0371                0.1283                   0.1707                  0.0008             0.0009
TA epoch 21     0.4239             0.4642            0.4107                              0.3707                0.9908                   0.9867                  1.0000             1.0000
VL epoch 21     3.1403             2.9723            3.1692                              3.3715                0.1639                   0.2127                  0.0066             0.0069
VA epoch 21     0.3524             0.4099            0.3474                              0.2969                0.9873                   0.9786                  0.9994             0.9994


TL epoch 22     2.7205             2.5566            2.8742                              2.9753                0.0823                   0.1090                  0.0005             0.0006
TA epoch 22     0.4429             0.4894            0.4165                              0.3814                0.9948                   0.9929                  1.0000             1.0000
VL epoch 22     3.0377             2.8588            3.0685                              3.3003                0.1049                   0.1373                  0.0059             0.0068
VA epoch 22     0.3705             0.4341            0.3764                              0.3080                0.9931                   0.9903                  0.9994             0.9994


TL epoch 23     2.6187             2.4439            3.0222                              2.9050                0.0518                   0.0688                  0.0004             0.0004
TA epoch 23     0.4627             0.5131            0.3988                              0.3947                0.9969                   0.9958                  1.0000             1.0000
VL epoch 23     2.9360             2.7436            3.1526                              3.2333                0.0687                   0.0888                  0.0061             0.0067
VA epoch 23     0.3936             0.4618            0.3671                              0.3224                0.9953                   0.9942                  0.9994             0.9994


TL epoch 24     2.5252             2.3369            3.1063                              2.8407                0.0329                   0.0433                  0.0003             0.0003
TA epoch 24     0.4807             0.5417            0.3934                              0.4090                0.9984                   0.9977                  1.0000             1.0000
VL epoch 24     2.8341             2.6282            2.9952                              3.1649                0.0460                   0.0576                  0.0056             0.0065
VA epoch 24     0.4119             0.4920            0.4005                              0.3358                0.9966                   0.9965                  0.9995             0.9994


TL epoch 25     2.4321             2.2400            3.0919                              2.7737                0.0213                   0.0276                  0.0002             0.0002
TA epoch 25     0.5009             0.5669            0.3948                              0.4228                0.9989                   0.9987                  1.0000             1.0000
VL epoch 25     2.7401             2.5171            3.0991                              3.0955                0.0342                   0.0410                  0.0060             0.0064
VA epoch 25     0.4344             0.5174            0.3900                              0.3516                0.9973                   0.9970                  0.9994             0.9994


TL epoch 26     2.3419             2.6577            3.2562                              2.7064                0.0140                   0.0180                  0.0002             0.0002
TA epoch 26     0.5201             0.5115            0.3710                              0.4385                0.9992                   0.9990                  1.0000             1.0000
VL epoch 26     2.6466             2.7771            3.4906                              3.0271                0.0251                   0.0303                  0.0059             0.0064
VA epoch 26     0.4513             0.5004            0.3307                              0.3642                0.9977                   0.9975                  0.9994             0.9994






GRU Based phoneme decoder GRU based synthesizer with n = 6 and 2 for encoder and decoder, joint head = 4 (same as AS1 except AS1 with LSTM based synthesizer)















